%% Cube
vertices=[0 0 0;
    1 0 0;
    1 1 0;
    0 1 0;
    0 1 1;
    1 1 1;
    1 0 1;
    0 0 1];
edges=[1 2;
    2 3;
    3 4;
    4 1;
    4 5;
    5 6;
    6 3;
    6 7;
    7 2;
    7 8;
    8 1;
    8 5];