%% Trapezoid
vertices=[1 0;
    2 0;
    0 2;
    0 1;
    1 1];

% vertices=[1 0;
%     2 0;
%     0 2;
%     0 1];

edges=[1 2;
    2 3;
    3 4;
    4 1];