%% 3D trapezoid
vertices=[1 0 0;
        2 0 0;
        0 1 0;
        0 2 0;
        0 0 1;
        0 0 2;
        1 1 0;
        1 0 1;
        0 1 1];
 
edges=[1 2;
    2 4;
    4 3;
    3 1;
    3 5;
    5 1;
    4 6;
    6 2;
    5 6];